0.000000000000000000e+00 -2.343669721628755642e+00
1.010101010101010083e-01 -1.640613795715933243e+00
2.020202020202020166e-01 2.990269462429452352e-01
3.030303030303030387e-01 -1.665164353979066147e-01
4.040404040404040331e-01 1.274220176625487699e+00
5.050505050505050830e-01 1.754810650809501826e+00
6.060606060606060774e-01 1.332404710066718678e+00
7.070707070707070718e-01 1.912903706600553422e+00
8.080808080808080662e-01 2.872447072792466027e+00
9.090909090909090606e-01 3.576400184707723806e+00
1.010101010101010166e+00 3.835622478786301581e+00
1.111111111111111160e+00 4.115496592331782111e+00
1.212121212121212155e+00 3.893055255998738584e+00
1.313131313131313149e+00 5.135798990442062006e+00
1.414141414141414144e+00 5.619072872918748018e+00
1.515151515151515138e+00 4.896683184477279127e+00
1.616161616161616132e+00 6.440550079344208534e+00
1.717171717171717127e+00 7.025699797534187496e+00
1.818181818181818121e+00 7.418164426002054945e+00
1.919191919191919116e+00 7.758609647831777423e+00
2.020202020202020332e+00 8.694876039690019098e+00
2.121212121212121104e+00 7.815886237984948082e+00
2.222222222222222321e+00 8.377668713935976896e+00
2.323232323232323093e+00 9.139195044468847229e+00
2.424242424242424310e+00 9.128420020453013706e+00
2.525252525252525082e+00 1.002420155359129161e+01
2.626262626262626299e+00 1.018566824511337110e+01
2.727272727272727071e+00 1.040597414749846195e+01
2.828282828282828287e+00 9.876196161092705594e+00
2.929292929292929060e+00 1.131428740135966393e+01
3.030303030303030276e+00 1.196364767086421388e+01
3.131313131313131048e+00 1.337175886992205953e+01
3.232323232323232265e+00 1.260845575299777899e+01
3.333333333333333481e+00 1.333307499868980628e+01
3.434343434343434254e+00 1.430194607299531206e+01
3.535353535353535470e+00 1.421053551418237859e+01
3.636363636363636243e+00 1.558992511104469969e+01
3.737373737373737459e+00 1.431358088120871130e+01
3.838383838383838231e+00 1.499119673216162596e+01
3.939393939393939448e+00 1.574712392761043134e+01
4.040404040404040664e+00 1.606958553210562357e+01
4.141414141414140992e+00 1.600561803167746788e+01
4.242424242424242209e+00 1.662014626311763621e+01
4.343434343434343425e+00 1.842694208096087394e+01
4.444444444444444642e+00 1.777622415277663848e+01
4.545454545454544970e+00 1.838609784230532185e+01
4.646464646464646187e+00 1.872749282165901974e+01
4.747474747474747403e+00 1.801482128443938890e+01
4.848484848484848619e+00 1.958683188973434497e+01
4.949494949494949836e+00 1.991319990305805732e+01
5.050505050505050164e+00 1.960845273448185466e+01
5.151515151515151381e+00 2.027271775218119743e+01
5.252525252525252597e+00 2.190892965067851250e+01
5.353535353535353813e+00 2.174599582136668374e+01
5.454545454545454142e+00 2.238005103486910485e+01
5.555555555555555358e+00 2.165503925317469580e+01
5.656565656565656575e+00 2.321846307018613587e+01
5.757575757575757791e+00 2.338091425617029628e+01
5.858585858585858119e+00 2.366207532068569463e+01
5.959595959595959336e+00 2.379762706677307094e+01
6.060606060606060552e+00 2.369447908724568563e+01
6.161616161616161769e+00 2.486681419544509808e+01
6.262626262626262097e+00 2.587185202530005057e+01
6.363636363636363313e+00 2.567851921991911723e+01
6.464646464646464530e+00 2.546522265397064189e+01
6.565656565656565746e+00 2.617605080359965797e+01
6.666666666666666963e+00 2.782640452346223725e+01
6.767676767676767291e+00 2.690640214267671126e+01
6.868686868686868507e+00 2.735531682734749737e+01
6.969696969696969724e+00 2.777042853275099787e+01
7.070707070707070940e+00 2.877654031430191495e+01
7.171717171717171269e+00 2.959032729469490519e+01
7.272727272727272485e+00 2.880875125140411441e+01
7.373737373737373701e+00 2.976671695961466568e+01
7.474747474747474918e+00 3.017042854573262289e+01
7.575757575757575246e+00 3.040659875561598824e+01
7.676767676767676463e+00 3.059143348657609351e+01
7.777777777777777679e+00 3.125237036858538886e+01
7.878787878787878896e+00 3.099171426285797537e+01
7.979797979797979224e+00 3.150051889365558822e+01
8.080808080808081328e+00 3.233145645036778149e+01
8.181818181818181657e+00 3.215002966796814832e+01
8.282828282828281985e+00 3.383131862467314477e+01
8.383838383838384090e+00 3.341144770439438361e+01
8.484848484848484418e+00 3.260910905151860106e+01
8.585858585858586522e+00 3.435205203846431488e+01
8.686868686868686851e+00 3.468921563801102081e+01
8.787878787878787179e+00 3.571223470889501073e+01
8.888888888888889284e+00 3.537949718737396410e+01
8.989898989898989612e+00 3.543323654259464917e+01
9.090909090909089940e+00 3.541066381086963588e+01
9.191919191919192045e+00 3.659423758695379547e+01
9.292929292929292373e+00 3.732033364817550591e+01
9.393939393939394478e+00 3.657943523278267151e+01
9.494949494949494806e+00 3.857480396809668122e+01
9.595959595959595134e+00 3.788215403124880964e+01
9.696969696969697239e+00 3.944047509086856707e+01
9.797979797979797567e+00 3.877972766922964354e+01
9.898989898989899672e+00 3.965199677212614660e+01
1.000000000000000000e+01 3.977531747633603487e+01